[1.jpg]
filters=fill=1,0.785047;
moddate=954a9b26faf2d501
width=2048
height=900
textactive=0
[3.jpg]
filters=fill=1,0.345794;
moddate=5c97a42dfaf2d501
width=2048
height=900
textactive=0
[2.jpg]
filters=fill=1,0.467290;
moddate=c347d134faf2d501
width=2048
height=900
textactive=0
